[[361, 2, 11], 
[361, 10, 6], 
[361, 18, 11], 
[361, 25, 5], 
[361, 32, 11], 
[361, 37, 11], 
[361, 42, 3], 
[361, 46, 3], 
[361, 58, 1], 
[361, 55, 11], 
[357, 3, 20], 
[357, 12, 18], 
[357, 19, 17], 
[357, 32, 18], 
[357, 38, 20], 
[357, 45, 10], 
[357, 60, 16], 
[356, 27, 12], 
[354, 3, 17], 
[354, 11, 12], 
[354, 35, 17], 
[354, 53, 17], 
[354, 62, 6], 
[359, 7, 14], 
[359, 25, 8], 
[359, 53, 14], 
[358, 7, 18], 
[358, 14, 13], 
[358, 22, 18], 
[358, 25, 12], 
[358, 40, 18], 
[358, 48, 10], 
[358, 59, 7], 
[358, 57, 18]]

---------------------------------------
