[[76, 10, 852, 432, 1, 0], 
[1, 9, 1261, 432, 0, 0], 
[2, 9, 1503, 432, 0, 0], 
[3, 9, 1385, 168, 0, 0], 
[4, 9, 1547, 168, 0, 0], 
[5, 9, 1051, 432, 1, 0], 
[6, 9, 908, 432, 0, 0], 
[7, 9, 163, 168, 0, 0], 
[8, 9, 406, 168, 0, 0], 
[9, 9, 263, 168, 0, 0], 
[10, 9, 190, 432, 1, 0], 
[11, 9, 337, 432, 0, 0], 
[12, 9, 482, 432, 0, 0], 
[13, 9, 817, 432, 0, 0], 
[14, 9, 1468, 168, 0, 0], 
[15, 9, 1397, 432, 1, 0], 
[16, 9, 1486, 114, 0, 0], 
[17, 9, 1367, 342, 0, 0], 
[18, 9, 1506, 386, 0, 0], 
[19, 9, 1008, 348, 0, 0], 
[20, 9, 798, 372, 1, 0], 
[21, 9, 1152, 60, 0, 0], 
[22, 9, 726, 98, 0, 0], 
[23, 9, 187, 87, 0, 0], 
[24, 9, 314, 114, 0, 0], 
[25, 9, 524, 75, 1, 0], 
[26, 9, 422, 384, 0, 0], 
[27, 9, 240, 336, 0, 0], 
[28, 9, 550, 380, 0, 0], 
[29, 10, 300, 168, 1, 0]]

---------------------------------------
