[[0, 42, 12], 
[0, 46, 13], 
[4, 31, 16], 
[4, 8, 16], 
[4, 9, 16], 
[4, 49, 16], 
[4, 35, 16], 
[4, 27, 16], 
[4, 42, 16], 
[4, 40, 16], 
[123, 8, 15], 
[124, 9, 13], 
[125, 12, 12], 
[127, 10, 16], 
[126, 15, 16], 
[143, 13, 16], 
[177, 6, 18], 
[0, 17, 13], 
[178, 11, 19], 
[178, 27, 18], 
[178, 43, 19], 
[178, 14, 18], 
[179, 5, 16], 
[180, 39, 16], 
[181, 29, 16], 
[181, 45, 16], 
[181, 2, 16], 
[0, 33, 13], 
[128, 35, 18], 
[182, 29, 21], 
[184, 36, 17], 
[184, 41, 17], 
[128, 1, 18], 
[182, 1, 21]]

---------------------------------------
[[0, 42, 12], 
[0, 46, 13], 
[4, 31, 16], 
[4, 8, 16], 
[4, 9, 16], 
[4, 49, 16], 
[4, 35, 16], 
[4, 27, 16], 
[4, 42, 16], 
[4, 40, 16], 
[123, 8, 15], 
[124, 9, 13], 
[125, 12, 12], 
[127, 10, 16], 
[126, 15, 16], 
[143, 13, 16], 
[177, 6, 18], 
[0, 17, 13], 
[178, 11, 19], 
[178, 27, 18], 
[178, 43, 19], 
[178, 14, 18], 
[179, 5, 16], 
[180, 39, 16], 
[181, 29, 16], 
[181, 45, 16], 
[181, 2, 16], 
[0, 33, 13], 
[128, 35, 18], 
[182, 29, 21], 
[184, 36, 17], 
[184, 41, 17], 
[128, 1, 18], 
[182, 1, 21]]

---------------------------------------
