[[73, 9, 676, 480, 0, 0], 
[1, 9, 463, 480, 0, 0], 
[2, 9, 198, 480, 0, 0], 
[3, 9, 267, 480, 0, 0], 
[4, 9, 610, 480, 0, 0], 
[5, 9, 873, 480, 1, 0], 
[6, 9, 250, 360, 0, 0], 
[7, 9, 432, 399, 0, 0], 
[8, 9, 566, 368, 0, 0], 
[9, 9, 697, 399, 0, 0], 
[10, 9, 846, 370, 1, 0]]

---------------------------------------
[[73, 9, 718, 480, 0, 0], 
[1, 9, 453, 480, 0, 0], 
[2, 9, 188, 480, 0, 0], 
[3, 9, 307, 480, 0, 0], 
[4, 9, 594, 480, 0, 0], 
[5, 9, 857, 480, 1, 0], 
[6, 9, 232, 384, 0, 0], 
[7, 9, 399, 384, 0, 0], 
[8, 9, 566, 384, 0, 0], 
[9, 9, 733, 384, 0, 0], 
[10, 9, 852, 384, 1, 0]]

---------------------------------------
