[[26, 7, 14], 
[27, 8, 15], 
[26, 29, 10], 
[27, 30, 13], 
[27, 30, 11], 
[29, 23, 10], 
[30, 25, 13], 
[30, 25, 16], 
[26, 47, 13], 
[27, 48, 14], 
[27, 48, 16], 
[29, 44, 9], 
[30, 46, 12], 
[30, 46, 15], 
[23, 25, 19], 
[23, 37, 18], 
[24, 15, 19], 
[24, 39, 19], 
[25, 32, 20], 
[42, 25, 15], 
[25, 18, 21], 
[25, 14, 21], 
[24, 26, 19], 
[133, 9, 13], 
[132, 14, 12], 
[135, 15, 16], 
[177, 2, 17], 
[134, 19, 16], 
[195, 38, 15], 
[195, 9, 15], 
[195, 49, 15], 
[38, 1, 14], 
[37, 2, 18], 
[136, 22, 19], 
[38, 33, 15]]

---------------------------------------
