[[354, 19, 6], 
[355, 6, 20], 
[355, 19, 17], 
[355, 34, 18], 
[355, 32, 7], 
[355, 47, 18], 
[355, 49, 18], 
[355, 62, 18], 
[356, 2, 22], 
[356, 22, 21], 
[356, 41, 19], 
[356, 57, 20], 
[357, 13, 20], 
[357, 28, 18], 
[358, 26, 9], 
[358, 5, 18], 
[358, 8, 17], 
[358, 14, 17], 
[358, 16, 18], 
[358, 31, 17], 
[358, 43, 17], 
[358, 40, 18], 
[358, 36, 9], 
[358, 47, 9], 
[358, 53, 7], 
[358, 60, 8], 
[358, 57, 17], 
[358, 60, 18], 
[360, 10, 16], 
[360, 24, 16], 
[360, 23, 6], 
[360, 43, 6], 
[360, 37, 16], 
[360, 55, 6], 
[360, 53, 16], 
[361, 1, 11], 
[361, 27, 2], 
[361, 17, 11], 
[361, 49, 2], 
[361, 47, 12]]

---------------------------------------
