[[142, 24, 15], 
[237, 10, 10], 
[236, 11, 9], 
[238, 9, 12], 
[238, 8, 12], 
[238, 7, 12], 
[238, 6, 12], 
[238, 5, 12], 
[238, 4, 12], 
[238, 3, 12], 
[238, 2, 12], 
[238, 1, 12], 
[82, 6, 8], 
[82, 27, 9], 
[192, 14, 12], 
[192, 6, 12], 
[238, 0, 12], 
[94, 3, 15], 
[94, 7, 16], 
[95, 12, 16], 
[83, 20, 15], 
[83, 15, 16]]

---------------------------------------
[[142, 24, 15], 
[237, 10, 10], 
[236, 11, 9], 
[238, 9, 12], 
[238, 8, 12], 
[238, 7, 12], 
[238, 6, 12], 
[238, 5, 12], 
[238, 4, 12], 
[238, 3, 12], 
[238, 2, 12], 
[238, 1, 12], 
[82, 6, 8], 
[82, 27, 9], 
[192, 14, 12], 
[192, 6, 12], 
[238, 0, 12], 
[94, 3, 15], 
[94, 7, 16], 
[95, 12, 16], 
[83, 20, 15], 
[83, 15, 16]]

---------------------------------------
